y100_1 = [0.127076, 0.108147856, 0.107081378, 0.085476309, 0.099750315]
y100_2 = [0.003104, 0.0000159, 0.0000261, 0, 0.0000327]
y100_3 = [0.0000624, 0.010187, 0.009817, 0.007252, 0.008992]
y100_4 = [0, 0, 0, 0, 0]
y100_5 = [0.0000181, 0.0000311, 0, 0.0000395, 0.00000589]